              precision    recall  f1-score   support

           0       0.96      0.97      0.97       744
           1       0.92      0.87      0.90       360
           2       0.89      0.93      0.91       483
           3       0.97      0.80      0.88       133
           4       0.95      0.89      0.92       191
           5       0.96      0.96      0.96       630
           6       0.96      0.97      0.96      1470

    accuracy                           0.95      4011
   macro avg       0.94      0.91      0.93      4011
weighted avg       0.95      0.95      0.95      4011
